0, 0, 0, 0
2, 0, 0
3, 0, 0

0, B, 0, D
2, 0, 0
0, 2, 1
1, B, 0, D

A, 0, C, 0
2, 1, 0
1, 2, 1
A, 1, C, 0

0, B, 1, D
2, 0, 0
1, B, 1, D

A, 0, C, 1
2, 1, 0
A, 1, C, 1

0, B, 2, D
2, 0, 0
1, B, 2, D

A, 0, C, 2
2, 1, 0
A, 1, C, 2

0, B, 0, D
3, 0, 0
0, 3, 1
0, B, 1, D

A, 0, C, 0
3, 1, 0
1, 3, 1
A, 0, C, 1

1, B, 0, D
3, 0, 0
1, B, 1, D

A, 1, C, 0
3, 1, 0
A, 1, C, 1

2, B, 0, D
3, 0, 0
2, B, 1, D

A, 2, C, 0
3, 1, 0
A, 2, C, 1

2, B, 0, D
2, 0, 2
0, 2, 3
3, B, 0, D

A, 2, C, 0
2, 1, 2
1, 2, 3
A, 3, C, 0

2, B, 1, D
2, 0, 2
0, 2, 3
0, 3, 1
3, B, 1, D

A, 2, C, 1
2, 1, 2
1, 2, 3
1, 3, 1
A, 3, C, 1

0, B, 2, D
3, 0, 2
0, 3, 3
0, B, 3, D

A, 0, C, 2
3, 1, 2
1, 3, 3
A, 0, C, 3

1, B, 2, D
3, 0, 2
0, 3, 3
0, 2, 1
1, B, 3, D

A, 1, C, 2
3, 1, 2
1, 3, 3
1, 2, 1
A, 1, C, 3

1, 0, C, D
0, 2, 1
2, 1, 0
2, 0, C, D

A, B, 1, 0
0, 3, 1
3, 1, 0
A, B, 2, 0

2, 1, C, D
1, 2, 1
2, 0, 2
2, 1, 2
2, 2, C, D

A, B, 2, 1
1, 3, 1
3, 0, 2
3, 1, 2
A, B, 2, 2

3, 3, C, D
0, 2, 3
0, 3, C, D

A, B, 3, 3
0, 3, 3
A, B, 0, 3

0, 3, C, D
1, 2, 3
2, 0, 0
0, 0, C, D

A, B, 0, 3
1, 3, 3
3, 0, 0
A, B, 0, 0

3, 3, C, D
1, 2, 3
3, 0, C, D

A, B, 3, 3
1, 3, 3
A, B, 3, 0

3, 0, C, D
0, 2, 3
2, 0, 0
0, 0, C, D

A, B, 3, 0
0, 3, 3
3, 0, 0
A, B, 0, 0

