0, 0, 0, 0
2, 0, 0
3, 0, 0

0, 0, A, B
2, 0, 0
0, 2, 1
1, 0, A, B

0, 1, A, B
2, 0, 0
1, 1, A, B

0, 2, A, B
2, 0, 0
1, 2, A, B

0, 0, A, B
3, 0, 0
0, 3, 1
0, 1, A, B

1, 0, A, B
3, 0, 0
1, 1, A, B

2, 0, A, B
3, 0, 0
2, 1, A, B

A, B, 0, 0
2, 1, 0
1, 2, 1
A, B, 1, 0

A, B, 0, 1
2, 1, 0
A, B, 1, 1

A, B, 0, 2
2, 1, 0
A, B, 1, 2

A, B, 0, 0
3, 1, 0
1, 3, 1
A, B, 0, 1

A, B, 1, 0
3, 1, 0
A, B, 1, 1

A, B, 2, 0
3, 1, 0
A, B, 2, 1

1, A, 0, B
0, 2, 1
2, 1, 0
2, A, 0, B

2, A, 1, B
1, 2, 1
2, 0, 2
2, 1, 2
2, A, 2, B

A, 1, B, 0
0, 3, 1
3, 1, 0
A, 2, B, 0

A, 2, B, 1
1, 3, 1
3, 0, 2
3, 1, 2
A, 2, B, 2

2, 0, A, B
2, 0, 2
0, 2, 3
3, 0, A, B

2, 1, A, B
2, 0, 2
0, 3, 1
0, 2, 3
3, 1, A, B

0, 2, A, B
3, 0, 2
0, 3, 3
0, 3, A, B

1, 2, A, B
3, 0, 2
0, 2, 1
0, 3, 3
1, 3, A, B

A, B, 2, 0
2, 1, 2
1, 2, 3
A, B, 3, 0

A, B, 2, 1
2, 1, 2
1, 3, 1
1, 2, 3
A, B, 3, 1

A, B, 0, 2
3, 1, 2
1, 3, 3
A, B, 0, 3

A, B, 1, 2
3, 1, 2
1, 2, 1
1, 3, 3
A, B, 1, 3

3, A, 3, B
0, 2, 3
4, A, 3, B

3, A, 4, B
0, 2, 3
2, 0, 0
4, A, 4, B

3, A, 3, B
1, 2, 3
3, A, 4, B

4, A, 3, B
1, 2, 3
2, 0, 0
4, A, 4, B

A, 3, B, 3
0, 3, 3
A, 4, B, 3

A, 3, B, 4
0, 3, 3
3, 0, 0
A, 4, B, 4

A, 3, B, 3
1, 3, 3
A, 3, B, 4

A, 4, B, 3
1, 3, 3
3, 0, 0
A, 4, B, 4

